0.057876
0.0515955
0.07322
0.0683955
0.0736125
0.0878935
0.085113
0.07156299999999999
0.071443
0.0762085
0.037066
0.043386499999999995
0.04215
0.0410995
0.031883
0.0354405
0.036705
0.04456
0.0509175
0.055833999999999995
0.048865
0.0519185
0.0285375
0.0385495
0.0285515
0.0272255
0.026229500000000003
0.030913
0.041916
0.03329699999999999
0.039842
0.0369315
0.03689
0.042789999999999995
0.041231000000000004
0.048171
0.0485515
0.0506085
0.0483535
0.063038
0.0684765
0.082597
0.0780835
0.07408000000000001
0.0696805
0.075356
0.07635149999999999
0.077426
0.08246700000000001
0.07915749999999999
0.056507
0.0538155
0.05734
0.058759
0.06971949999999999
0.0633685
0.0660955
0.0776825
0.08608350000000001
0.094163
0.1161975
0.1131165
0.09854450000000001
0.1022225
0.135487
0.0945425
0.08742549999999999
0.08855199999999999
0.074216
0.0715865
0.0717435
0.11248849999999999
0.1229355
0.1077915
0.124185
0.148951
0.16706100000000002
0.157079
0.14044099999999998
0.125724
0.12652249999999998
0.1554485
0.178815
0.2323655
0.207298
0.19937
0.1631335
0.175461
0.1650435
0.11673149999999999
0.163666
0.21566449999999998
0.199314
0.1942705
0.1805155
0.1619105
0.2009225
0.23771799999999998
0.2678495
0.42387949999999996
0.526368
0.410029
0.31902200000000003
0.183864
0.1786705
0.1652475
0.131237
0.126203
0.11569950000000001
0.0826105
0.10504649999999999
0.108237
0.12064
0.118171
0.038678000000000004
0.045962
0.0472925
0.0493305
0.054901500000000006
0.054750499999999994
0.061009
0.0675115
0.0999095
0.10198750000000001
0.1382325
0.1108555
0.104246
0.15997050000000002
0.15027000000000001
0.169818
0.160526
0.16294
0.151179
0.20987450000000002
0.22115200000000002
0.23347849999999998
0.240206
0.2099725
0.152098
0.143294
0.141915
0.131579
0.19579449999999998
0.2405055
0.23845850000000002
0.21914
0.21618549999999997
0.23937049999999999
0.1676895
0.17188350000000002
0.15810400000000002
0.143221
0.1504995
0.1633485
0.1528605
0.147926
0.178515
0.13301000000000002
0.125402
0.1050525
0.09003900000000001
0.08049200000000001
0.0863655
0.090286
0.10668849999999999
0.08734800000000001
0.0829255
0.0698085
0.06701599999999999
0.0922425
0.0276235
0.0244425
0.0267415
0.0232565
0.022742
0.027463500000000002
0.029915999999999998
0.029566500000000003
0.033109
0.037775500000000004
0.04077
0.04594
0.0548545
0.0566315
0.067314
0.059759999999999994
0.0604305
0.0684125
0.0673175
0.058506
0.0614295
0.0571405
0.071423
0.101219
0.09846350000000001
0.0477515
0.044480500000000006
0.0465675
0.0467615
0.049203
0.0545315
0.057639499999999996
0.0577665
0.060787
0.0618485
0.0723505
0.071395
0.072224
0.07064799999999999
0.069833
0.07698550000000001
0.0965245
0.09105150000000001
0.091654
0.0951795
0.09314800000000001
0.101728
0.107087
0.1023365
0.098693
0.0950075
0.0970915
0.1014985
0.1166905
0.10703499999999999
0.11200850000000001
0.102563
0.085535
0.07706199999999999
0.072286
0.093618
0.1249325
0.13056
0.1225815
0.130247
0.1244455
0.1271655
0.12908999999999998
0.1299535
0.1133825
0.0905555
0.0834885
0.0698715
0.071607
0.082755
0.091314
0.09335750000000001
0.080118
0.0862925
0.082477
0.0905505
0.09426699999999999
0.09619849999999999
0.106773
0.1267005
0.17308849999999998
0.152891
0.12436249999999999
0.1279865
0.1120005
0.1375115
0.1285365
0.12562500000000001
0.13199149999999998
0.1312665
0.1219055
0.1265215
0.10886950000000001
0.1151575
0.093244
0.08699799999999999
0.0942585
0.12508450000000002
0.1182485
0.1305965
0.12362300000000001
0.13609949999999998
0.1177935
0.118591
0.11226249999999999
0.1101965
0.10689599999999999
0.11901700000000001
0.1290735
0.121223
0.11992749999999999
0.1821555
0.18691950000000002
0.1896095
0.1798595
0.18803799999999998
0.189282
0.1822325
0.1800675
0.18191849999999998
0.192691
0.19189299999999998
0.167166
0.16621799999999998
0.260039
0.2651295
0.23715999999999998
0.23537550000000002
0.230749
0.2300685
0.2449085
0.245035
0.2520445
0.2715475
0.2606585
0.260456
0.27713
0.094157
0.0862425
0.0759055
0.0761695
0.0832225
0.07407549999999999
0.0927235
0.11250750000000001
0.09951299999999999
0.09102299999999999
0.090692
0.0896545
0.0779965
0.1060425
0.1245595
0.0917165
0.092221
0.0987225
0.09858
0.09189149999999999
0.0885675
0.0804095
0.07407649999999999
0.075613
0.098931
0.118506
0.6811105
0.690318
0.602224
0.5461805
0.4584185
0.4164545
0.355248
0.2805975
0.378516
0.30261649999999995
0.30985450000000003
0.3913215
0.38708050000000005
0.25463650000000004
0.2548745
0.25329599999999997
0.245425
0.248501
0.23483749999999998
0.19385999999999998
0.2109225
0.184201
0.18684
0.1939185
0.18129499999999998
0.168987
0.2428775
0.2063335
0.21384350000000002
0.2369505
0.2597255
0.2581055
0.27266250000000003
0.2624265
0.271386
0.26801549999999996
0.27987249999999997
0.2869295
0.2901445
0.2940075
0.330764
0.3384965
0.339978
0.3466435
0.34922949999999997
0.32144700000000004
0.2893115
0.301504
0.28164350000000005
0.33072250000000003
0.3214045
0.29972299999999996
0.1725595
0.171823
0.17828149999999998
0.1650415
0.176263
0.163016
0.15210400000000002
0.140171
0.13846
0.1407795
0.1349945
0.1313325
0.1151295
0.1947465
0.217542
0.107961
0.11734649999999999
0.103235
0.0817055
0.082118
0.07782700000000001
0.093198
0.09173899999999999
0.0897135
0.07768549999999999
0.07437550000000001
0.077497
0.081695
0.08435400000000001
0.09149399999999999
0.0807385
0.0842995
0.079693
0.06883500000000001
0.0662825
0.07238549999999999
0.07350100000000001
0.082882
0.093576
0.09215100000000001
0.0912155
0.0870325
0.0934535
0.0947755
0.0903185
0.0930955
0.08233750000000001
0.0738355
0.0699285
0.0685105
0.07002549999999999
0.1427695
0.1205795
0.11136750000000001
0.108864
0.1118025
0.12167449999999999
0.1252595
0.13807350000000002
0.1394655
0.15981050000000002
0.16849150000000002
0.167512
0.1941765
0.218699
0.2167655
0.2377105
0.2390065
0.253272
0.2773685
0.267408
0.28546649999999996
0.293099
0.38614000000000004
0.3350495
0.28757299999999997
0.2717855
0.263303
0.2665045
0.2548875
0.26137900000000003
0.318918
0.3363105
0.314026
0.296159
0.179267
0.1692555
0.1622095
0.1703
0.193694
0.171539
0.1833035
0.16846699999999998
0.1296145
0.1391995
0.1507885
0.16206150000000002
0.48590900000000004
0.417268
0.29281199999999996
0.2966725
0.2870535
0.29204050000000004
0.27802249999999995
0.283607
0.224258
0.2478935
0.235879
0.3256645
0.311199
0.246568
0.204111
0.252118
0.26813
0.16693449999999999
0.1457
0.1432485
0.141405
0.1318005
0.16133199999999998
0.173531
0.1687455
0.161777
0.164476
0.182853
0.13943899999999998
0.12118999999999999
0.12460950000000001
0.12086250000000001
0.120803
0.142125
0.1746525
0.1775675
0.1736165
0.2011635
0.216144
0.214926
0.20494
0.1851125
0.1660885
0.1876525
0.229982
0.2512275
0.279956
0.2831545
0.28283650000000005
0.3202165
0.2778475
0.260836
0.2474455
0.227858
0.201433
0.2177585
0.246564
0.2862765
0.2361695
0.225939
0.19677250000000002
0.2029435
0.20372600000000002
0.20330900000000002
0.1886895
0.19203
0.202736
0.21835349999999998
0.221306
0.2231185
0.21709099999999998
0.20575100000000002
0.203161
0.1891675
0.1992135
0.1967785
0.1835925
0.142875
0.14646599999999999
0.15106
0.154908
0.1467005
0.20257599999999998
0.2073945
0.1976175
0.20961950000000001
0.209336
0.21314450000000001
0.2164435
0.19622699999999998
0.1849385
0.1722445
0.1669875
0.17315049999999998
0.2225715
0.22871799999999998
0.1828155
0.193131
0.1675845
0.1923935
0.19776
0.2018135
0.171325
0.172643
0.21868100000000001
0.269586
0.223891
0.13935
0.12118400000000001
0.1557755
0.2115665
0.1921205
0.190448
0.2126245
0.19889800000000002
0.20668
0.2118285
0.30078499999999997
0.26058950000000003
0.332272
0.31620950000000003
0.29800400000000005
0.25345799999999996
0.215654
0.231095
0.22373549999999998
0.2541835
0.215335
0.2357725
0.04094
0.038182
0.0372065
0.039594500000000005
0.042166
0.0453515
0.046615500000000004
0.05724
0.07728850000000001
0.076338
0.083132
0.07658000000000001
0.062161499999999995
0.059261999999999995
0.0701495
0.0637645
0.0569025
0.057928
0.0494485
0.0529635
0.053100999999999995
0.045182
0.0629285
0.08382200000000001
0.057968000000000006
0.059045
0.0580775
0.0597715
0.071693
0.0776175
0.058849
0.049676
0.0411705
0.0406305
0.041232000000000005
0.052176
0.15517
0.16594799999999998
0.181447
0.21012999999999998
0.20973
0.2001675
0.2293305
0.2199585
0.2218025
0.22471750000000001
0.2333305
0.221155
0.43950449999999996
0.440807
0.4159705
0.3377835
0.30971550000000003
0.30621
0.31139399999999995
0.312327
0.33394250000000003
0.344804
0.32112450000000003
0.07030800000000001
0.0515265
0.05796
0.0726155
0.130972
0.14255
0.12081900000000001
0.13768200000000003
0.1392725
0.0812795
0.079183
0.0845255
0.10348399999999999
0.101621
0.0875725
0.14680300000000002
0.1169685
0.123222
0.1107765
0.1198305
0.07589950000000001
0.0639
0.062724
0.06614500000000001
0.073883
0.0748915
0.058376
0.080044
0.09275
0.0761195
0.068936
0.057081999999999994
0.053819
0.0557175
0.0469435
0.0562275
0.0555865
0.0727105
0.063781
0.047964
0.0546195
0.060269
0.080178
0.06928000000000001
0.073968
0.0771425
0.066187
0.0617155
0.052539
0.054424
0.061523
0.0566855
0.059022
0.142846
0.08130899999999999
0.116231
0.1121025
0.0977455
0.07279050000000001
0.045513
0.044935
0.0629165
0.07547100000000001
0.143499
0.1533925
0.1309305
0.126182
0.1330655
0.11124300000000001
0.10856099999999999
0.104879
0.1111155
0.10040850000000001
0.10302
0.124478
0.11539450000000001
0.123628
0.1191635
0.14091350000000002
0.133861
0.12299850000000001
0.1291735
0.13491750000000002
0.1352565
0.1425345
0.24165999999999999
0.26221
0.2373595
0.23265049999999998
0.232531
0.2092285
0.1967825
0.1774175
0.18112499999999998
0.2460515
0.2068505
0.1945245
0.19097750000000002
0.188838
0.20229
0.207241
0.199515
0.21005200000000002
0.2294925
0.253239
0.2638245
0.27329899999999996
0.270446
0.25231349999999997
0.25633150000000005
0.23950900000000003
0.20638
0.2214975
0.23966300000000001
0.5239779999999999
0.48977400000000004
0.46773
0.4448435
0.41315
0.3567445
0.3282755
0.354793
0.354617
0.3590945
0.3946525
0.359619
0.346669
0.375988
0.403235
0.406428
0.3454355
0.34968750000000004
0.334156
0.3203055
0.212849
0.206147
0.2404215
0.21420050000000002
0.2177365
0.2201845
0.21975099999999997
0.22491250000000002
0.2315495
0.220955
0.2690285
0.37207650000000003
0.349928
0.3076865
0.2599
0.309292
0.2825725
0.1999785
0.2155805
0.25587550000000003
0.2336245
0.2273375
0.1632605
0.210305
0.167782
0.113565
0.1116655
0.138531
0.1166335
0.1061975
0.1186345
0.116687
0.1252125
0.166881
0.129411
0.125637
0.10944000000000001
0.1194075
0.12254699999999999
0.1138635
0.1102785
0.11063400000000001
0.1658715
0.2258405
0.08913599999999999
0.09407
0.100827
0.066205
0.0988105
0.0822565
0.07393949999999999
0.09303349999999999
0.084497
0.078925
0.147268
0.164505
0.152112
0.1430075
0.15559050000000002
0.155773
0.1339525
0.11966299999999999
0.0892615
0.08224999999999999
0.2459935
0.1593725
0.16259800000000002
0.15783550000000002
0.12580249999999998
0.128752
0.1337895
0.20016699999999998
0.105767
0.0427605
0.0388315
0.02425
0.0302035
0.0324085
0.0461035
0.054612
0.056538
0.060676499999999994
0.0846975
0.10006799999999999
0.0964985
0.0801695
0.0987885
0.077397
0.07196
0.0671455
0.077986
