0.031054500000000002
0.02805
0.0348705
0.030935000000000004
0.0637375
0.068223
0.0595425
0.074234
0.08365700000000001
0.0519615
0.049939
0.0668855
0.07158
0.06872149999999999
0.064199
0.071633
0.0235935
0.0250345
0.028742
0.0326845
0.027140499999999998
0.029533999999999998
0.022477999999999998
0.023375
0.0241575
0.0269805
0.024480000000000002
0.027703
0.0238025
0.027284000000000003
0.0328055
0.0321675
0.033419500000000005
0.051361
0.039968000000000004
0.0496265
0.041389999999999996
0.058388999999999996
0.0559425
0.0600855
0.054352
0.053138000000000005
0.056015999999999996
0.057672
0.0535845
0.057403499999999996
0.0694185
0.0465725
0.041273500000000005
0.044118000000000004
0.0363015
0.045786
0.07112399999999999
0.023888
0.028063499999999998
0.0229335
0.028247
0.022705999999999997
0.023313
0.022182
0.028529
0.020706500000000003
0.0204395
0.020243499999999998
0.0265255
0.0282765
0.02826
0.030481
0.034890500000000005
0.0251225
0.0214175
0.022676500000000002
0.023203500000000002
0.0308135
0.0368775
0.0340835
0.039650500000000005
0.031022499999999998
0.0332735
0.035508
0.0360965
0.016842
0.0280865
0.0395715
0.0274475
0.029085
0.037748
0.0292405
0.029893999999999997
0.028603999999999997
0.021781000000000002
0.0249395
0.0334085
0.0268505
0.026879
0.0349685
0.031115499999999997
0.037734500000000004
0.048641000000000004
0.0585605
0.01761
0.014048000000000001
0.013588
0.018792
0.018729000000000003
0.021138
0.0224105
0.037081
0.0339725
0.021721499999999998
0.0183175
0.016959000000000002
0.0234275
0.026482
0.023736
0.0207745
0.0200695
0.0270415
0.0306535
0.025567
0.022983
0.0191355
0.023436
0.0477505
0.0442745
0.038076
0.042599
0.04503
0.049631499999999995
0.0518065
0.0501365
0.0333595
0.039456500000000005
0.041806499999999996
0.031660499999999994
0.0334725
0.03511
0.0377275
0.0333685
0.02389
0.0284535
0.026873
0.01547
0.026328499999999998
0.037475999999999995
0.0286945
0.028873
0.026652500000000003
0.027236
0.056284
0.0351005
0.0443285
0.033292
0.039969000000000005
0.0303655
0.0266515
0.022851
0.025012
0.0393785
0.0317785
0.0366925
0.0257325
0.0289665
0.038628499999999996
0.0194725
0.0202125
0.0207245
0.0301435
0.026370499999999998
0.032673
0.034578
0.0467285
0.08147850000000001
0.0808375
0.078066
0.07899
0.0740855
0.060844499999999996
0.050167
0.058673
0.33370999999999995
0.3289565
0.326936
0.3120725
0.3736705
0.5345519999999999
0.068529
0.062113
0.2455295
0.21434399999999998
0.087745
0.063127
0.045382500000000006
0.0373195
0.027214500000000003
0.025244500000000003
0.0273055
0.035924
0.036805
0.038739499999999996
0.037702
0.052063
0.0471665
0.0455
0.0439475
0.045208
0.0463965
0.054528499999999994
0.0712
0.059912999999999994
0.0641405
0.0562695
0.0578735
0.0592185
0.0935675
0.06723599999999999
0.046345
0.0384295
0.0496645
0.057734999999999995
0.0657075
0.0750025
0.0934865
0.041181
0.071804
0.038276500000000005
0.0412195
0.0471405
0.040722499999999995
0.043261
0.04094250000000001
0.056491
0.041084999999999997
0.0438005
0.0546665
0.0647845
0.0683265
0.057876
0.0515955
0.07322
0.0683955
0.0736125
0.0878935
0.085113
0.07156299999999999
0.071443
0.0762085
0.028952
0.030261
0.0316185
0.026597
0.035718
0.049041
0.0245185
0.0330375
0.041215
0.0374675
0.041526499999999994
0.02989
0.0333605
0.035949499999999995
0.0412655
0.04695
0.037066
0.043386499999999995
0.04215
0.0410995
0.031883
0.0354405
0.036705
0.04456
0.0509175
0.055833999999999995
0.048865
0.0519185
0.0285375
0.0385495
0.0285515
0.0272255
0.026229500000000003
0.030913
0.041916
0.03329699999999999
0.039842
0.0369315
0.03689
0.042789999999999995
0.041231000000000004
0.048171
0.0485515
0.0506085
0.0483535
0.041906
0.037328
0.034630499999999995
0.036654000000000006
0.052605
0.045981499999999995
0.045136499999999996
0.05909299999999999
0.0670535
0.1191245
0.118212
0.143617
0.17657
0.12291550000000001
0.12371750000000001
0.09971250000000001
0.09159
0.1065575
0.1223175
0.15250999999999998
0.152449
0.0377555
0.034195
0.028856
0.025502999999999998
0.024619000000000002
0.027248
0.037897
0.037613
0.037235000000000004
0.050916
0.063038
0.0684765
0.082597
0.0780835
0.07408000000000001
0.0696805
0.075356
0.07635149999999999
0.077426
0.08246700000000001
0.07915749999999999
0.0567995
0.0584275
0.051652
0.048354
0.050973000000000004
0.0526365
0.040586
0.043748999999999996
0.038150500000000004
0.066104
0.03918
0.0374875
0.042930499999999996
0.039544
0.033472
0.0531575
0.06340799999999999
0.074874
0.0877415
0.12326600000000001
0.07187550000000001
0.0408195
0.0395075
0.0484005
0.043007000000000004
0.0401925
0.0370255
0.0429875
0.056544
0.056231
0.0580315
0.0606765
0.0593795
0.06488150000000001
0.076142
0.0784175
0.0935835
0.056507
0.0538155
0.05734
0.058759
0.06971949999999999
0.0633685
0.0660955
0.0776825
0.08608350000000001
0.094163
0.10930200000000001
0.13648949999999999
0.0900485
0.10266449999999999
0.148549
0.141842
0.1161975
0.1131165
0.09854450000000001
0.1022225
0.135487
0.0945425
0.08742549999999999
0.08855199999999999
0.074216
0.0715865
0.0717435
0.139048
0.138508
0.125756
0.13597599999999999
0.12999650000000001
0.15219
0.11248849999999999
0.1229355
0.1077915
0.124185
0.148951
0.16706100000000002
0.157079
0.14044099999999998
0.125724
0.12652249999999998
0.1554485
0.1993905
0.1878755
0.145909
0.13631100000000002
0.122951
0.113143
0.1261585
0.178815
0.2323655
0.207298
0.19937
0.1631335
0.175461
0.1650435
0.11673149999999999
0.163666
0.21566449999999998
0.121279
0.122805
0.11432200000000001
0.125692
0.1405765
0.15104499999999998
0.12151200000000001
0.109835
0.0796055
0.0786535
0.07391049999999999
0.07634350000000001
0.39369849999999995
0.2994745
0.2196455
0.199314
0.1942705
0.1805155
0.1619105
0.2009225
0.23771799999999998
0.2678495
0.42387949999999996
0.526368
0.410029
0.31902200000000003
0.357719
0.294223
0.29250750000000003
0.30518199999999995
0.35567899999999997
0.344787
0.2886525
0.2669315
0.2887575
0.183864
0.1786705
0.1652475
0.131237
0.126203
0.11569950000000001
0.0826105
0.10504649999999999
0.108237
0.12064
0.118171
0.1000265
0.28234950000000003
0.141403
0.0902175
0.09550600000000001
0.10123750000000001
0.1422795
0.1194665
0.198488
0.165289
0.1672365
0.1738615
0.1876695
0.0810825
0.0666795
0.0616275
0.060951000000000005
0.0426155
0.046777
0.047156500000000004
0.052491499999999996
0.0527735
0.048036499999999996
0.047758999999999996
0.0487145
0.055015
0.0474505
0.051953
0.077402
0.0812965
0.0826625
0.0641105
0.047515
0.0481075
0.054237
0.0535305
0.060214000000000004
0.061525500000000004
0.085981
0.038678000000000004
0.045962
0.0472925
0.0493305
0.054901500000000006
0.054750499999999994
0.061009
0.0675115
0.0999095
0.10198750000000001
0.1382325
0.1108555
0.104246
0.15997050000000002
0.15027000000000001
0.169818
0.160526
0.16294
0.151179
0.20987450000000002
0.22115200000000002
0.23347849999999998
0.240206
0.2099725
0.152098
0.143294
0.141915
0.131579
0.19579449999999998
0.2405055
0.23845850000000002
0.21914
0.21618549999999997
0.23937049999999999
0.1676895
0.17188350000000002
0.15810400000000002
0.143221
0.1504995
0.1633485
0.1528605
0.147926
0.178515
0.0973145
0.0919555
0.081015
0.112372
0.13301000000000002
0.125402
0.1050525
0.09003900000000001
0.08049200000000001
0.0863655
0.090286
0.10668849999999999
0.08734800000000001
0.0829255
0.0698085
0.06701599999999999
0.0922425
0.0276235
0.0244425
0.0267415
0.0232565
0.022742
0.027463500000000002
0.029915999999999998
0.029566500000000003
0.033109
0.037775500000000004
0.04077
0.04594
0.0548545
0.0566315
0.067314
0.059759999999999994
0.0604305
0.0684125
0.0673175
0.058506
0.0614295
0.0571405
0.071423
0.101219
0.09846350000000001
0.0477515
0.044480500000000006
0.0465675
0.0467615
0.049203
0.0545315
0.057639499999999996
0.0577665
0.060787
0.0618485
0.0723505
0.071395
0.072224
0.07064799999999999
0.069833
0.07698550000000001
0.0965245
0.09105150000000001
0.091654
0.0951795
0.09314800000000001
0.101728
0.107087
0.1023365
0.098693
0.0950075
0.0970915
0.1014985
0.1166905
0.10703499999999999
0.11200850000000001
0.102563
0.085535
0.07706199999999999
0.072286
0.093618
0.1249325
0.13056
0.1225815
0.130247
0.1244455
0.1271655
0.12908999999999998
0.1299535
0.1133825
0.0905555
0.0834885
0.0698715
0.071607
0.082755
0.091314
0.09335750000000001
0.187927
0.16741299999999998
0.1591665
0.15361350000000001
0.166936
0.17124
0.1541365
0.12723
0.119187
0.122682
0.1560115
0.180413
0.227034
0.187398
0.178695
0.145882
0.1675325
0.08719550000000001
0.08017099999999999
0.08299999999999999
0.07703499999999999
0.11240549999999999
0.1184865
0.101241
0.107129
0.100413
0.097853
0.10378599999999999
0.130037
0.140843
0.1351395
0.10972499999999999
0.0920645
0.1021005
0.080118
0.0862925
0.082477
0.0905505
0.09426699999999999
0.09619849999999999
0.106773
0.1267005
0.17308849999999998
0.152891
0.12436249999999999
0.1279865
0.1120005
0.1375115
0.1285365
0.12562500000000001
0.13199149999999998
0.1312665
0.1219055
0.1265215
0.10886950000000001
0.1151575
0.093244
0.08699799999999999
0.0942585
0.12508450000000002
0.1182485
0.1305965
0.12362300000000001
0.13609949999999998
0.1177935
0.118591
0.11226249999999999
0.1101965
0.10689599999999999
0.11901700000000001
0.1290735
0.121223
0.11992749999999999
0.1821555
0.18691950000000002
0.1896095
0.1798595
0.18803799999999998
0.189282
0.1822325
0.1800675
0.18191849999999998
0.192691
0.19189299999999998
0.167166
0.16621799999999998
0.260039
0.2651295
0.23715999999999998
0.23537550000000002
0.230749
0.2300685
0.2449085
0.245035
0.2520445
0.2715475
0.2606585
0.260456
0.27713
0.343143
0.387335
0.366958
0.3716465
0.09734599999999999
0.0871865
0.09701599999999999
0.116384
0.10689
0.109564
0.104616
0.10789299999999999
0.1055935
0.1334865
0.10770550000000001
0.0819155
0.0906325
0.08389350000000001
0.09531999999999999
0.094157
0.0862425
0.0759055
0.0761695
0.0832225
0.07407549999999999
0.0927235
0.11250750000000001
0.09951299999999999
0.09102299999999999
0.090692
0.0896545
0.0779965
0.1060425
0.1245595
0.0917165
0.092221
0.0987225
0.09858
0.09189149999999999
0.0885675
0.0804095
0.07407649999999999
0.075613
0.098931
0.118506
0.215584
0.127282
0.12938
0.13076549999999998
0.1235395
0.1208555
0.129944
0.13935399999999998
0.221538
0.2115975
0.202609
0.191059
0.1734195
0.16273300000000002
0.16036
0.1546265
0.2214555
0.23005199999999998
0.172448
0.17221550000000002
0.14808749999999998
0.170618
0.1598005
0.1918055
0.226438
0.212855
0.21943200000000002
0.190844
0.149998
0.15652549999999998
0.164711
0.168611
0.6811105
0.690318
0.602224
0.5461805
0.4584185
0.4164545
0.355248
0.2805975
0.378516
0.30261649999999995
0.30985450000000003
0.3913215
0.38708050000000005
0.25463650000000004
0.2548745
0.25329599999999997
0.245425
0.248501
0.23483749999999998
0.19385999999999998
0.2109225
0.184201
0.18684
0.1939185
0.18129499999999998
0.168987
0.2428775
0.2063335
0.21384350000000002
0.2369505
0.2597255
0.2581055
0.27266250000000003
0.2624265
0.271386
0.26801549999999996
0.27987249999999997
0.2869295
0.2901445
0.2940075
0.330764
0.3384965
0.339978
0.3466435
0.34922949999999997
0.32144700000000004
0.2893115
0.301504
0.28164350000000005
0.33072250000000003
0.3214045
0.29972299999999996
0.3618395
0.31915400000000005
0.29145350000000003
0.25784149999999995
0.264784
0.234158
0.2066695
0.272614
0.2465715
0.26978599999999997
0.26573349999999996
0.329841
0.25197749999999997
0.23844300000000002
0.2250185
0.2274385
0.214852
0.2364935
0.2027625
0.197289
0.251737
0.1725595
0.171823
0.17828149999999998
0.1650415
0.176263
0.163016
0.15210400000000002
0.140171
0.13846
0.1407795
0.1349945
0.1313325
0.1151295
0.1947465
0.217542
0.107961
0.11734649999999999
0.103235
0.0817055
0.082118
0.07782700000000001
0.093198
0.09173899999999999
0.0897135
0.07768549999999999
0.07437550000000001
0.077497
0.081695
0.08435400000000001
0.09149399999999999
0.0807385
0.0842995
0.079693
0.06883500000000001
0.0662825
0.07238549999999999
0.07350100000000001
0.082882
0.093576
0.09215100000000001
0.0912155
0.0870325
0.0934535
0.0947755
0.0903185
0.0930955
0.08233750000000001
0.0738355
0.0699285
0.0685105
0.07002549999999999
0.1427695
0.1205795
0.11136750000000001
0.108864
0.1118025
0.12167449999999999
0.1252595
0.13807350000000002
0.1394655
0.15981050000000002
0.16849150000000002
0.167512
0.1941765
0.218699
0.2167655
0.2377105
0.2390065
0.253272
0.2773685
0.267408
0.28546649999999996
0.293099
0.38614000000000004
0.3350495
0.28757299999999997
0.2717855
0.263303
0.2665045
0.2548875
0.26137900000000003
0.318918
0.3363105
0.314026
0.296159
0.179267
0.1692555
0.1622095
0.1703
0.193694
0.171539
0.1833035
0.16846699999999998
0.1296145
0.1391995
0.1507885
0.16206150000000002
0.48590900000000004
0.417268
0.29281199999999996
0.2966725
0.2870535
0.29204050000000004
0.27802249999999995
0.283607
0.224258
0.2478935
0.235879
0.3256645
0.311199
0.246568
0.204111
0.252118
0.26813
0.16693449999999999
0.1457
0.1432485
0.141405
0.1318005
0.16133199999999998
0.173531
0.1687455
0.161777
0.164476
0.182853
0.13943899999999998
0.12118999999999999
0.12460950000000001
0.12086250000000001
0.120803
0.142125
0.1746525
0.1775675
0.1736165
0.2011635
0.216144
0.214926
0.20494
0.1851125
0.1660885
0.1876525
0.229982
0.2512275
0.279956
0.2831545
0.28283650000000005
0.3202165
0.2778475
0.260836
0.2474455
0.227858
0.201433
0.2177585
0.246564
0.2862765
0.2361695
0.225939
0.19677250000000002
0.2029435
0.20372600000000002
0.20330900000000002
0.1886895
0.19203
0.202736
0.21835349999999998
0.221306
0.2231185
0.21709099999999998
0.20575100000000002
0.203161
0.1891675
0.1992135
0.1967785
0.1835925
0.142875
0.14646599999999999
0.15106
0.154908
0.1467005
0.2337415
0.224176
0.211729
0.220397
0.2188345
0.215196
0.219673
0.23861500000000002
0.2439885
0.20257599999999998
0.2073945
0.1976175
0.20961950000000001
0.209336
0.21314450000000001
0.2164435
0.19622699999999998
0.1849385
0.1722445
0.1669875
0.17315049999999998
0.216056
0.2015675
0.184158
0.19800600000000002
0.2149005
0.16096749999999999
0.148988
0.126246
0.15321099999999999
0.1943635
0.2225715
0.22871799999999998
0.1828155
0.193131
0.1675845
0.1923935
0.19776
0.2018135
0.171325
0.172643
0.21868100000000001
0.269586
0.223891
0.13935
0.12118400000000001
0.1557755
0.2115665
0.1921205
0.190448
0.2126245
0.19889800000000002
0.20668
0.2118285
0.30078499999999997
0.26058950000000003
0.332272
0.31620950000000003
0.29800400000000005
0.25345799999999996
0.215654
0.231095
0.22373549999999998
0.2541835
0.215335
0.2357725
0.519058
0.388671
0.2894895
0.2419195
0.23348750000000001
0.218946
0.2461255
0.050825499999999996
0.052098
0.0536335
0.059868500000000005
0.065084
0.097491
0.0890965
0.09398899999999999
0.04094
0.038182
0.0372065
0.039594500000000005
0.042166
0.0453515
0.046615500000000004
0.05724
0.07728850000000001
0.076338
0.083132
0.07658000000000001
0.062161499999999995
0.059261999999999995
0.0701495
0.0637645
0.0569025
0.057928
0.0494485
0.0529635
0.053100999999999995
0.045182
0.0629285
0.08382200000000001
0.057968000000000006
0.059045
0.0580775
0.0597715
0.071693
0.0776175
0.058849
0.049676
0.0411705
0.0406305
0.041232000000000005
0.052176
0.15517
0.16594799999999998
0.181447
0.21012999999999998
0.20973
0.2001675
0.2293305
0.2199585
0.2218025
0.22471750000000001
0.2333305
0.221155
0.25111
0.276796
0.268326
0.2574885
0.234891
0.26180950000000003
0.248157
0.43950449999999996
0.440807
0.4159705
0.3377835
0.30971550000000003
0.30621
0.31139399999999995
0.312327
0.33394250000000003
0.344804
0.32112450000000003
0.3898745
0.403406
0.314573
0.31407799999999997
0.3028735
0.34968699999999997
0.38387899999999997
0.457079
0.287444
0.07030800000000001
0.0515265
0.05796
0.0726155
0.130972
0.14255
0.12081900000000001
0.13768200000000003
0.1392725
0.0812795
0.079183
0.0845255
0.10348399999999999
0.101621
0.0875725
0.14680300000000002
0.1169685
0.123222
0.1107765
0.1198305
0.07589950000000001
0.0639
0.062724
0.06614500000000001
0.073883
0.0748915
0.058376
0.080044
0.09275
0.0761195
0.068936
0.057081999999999994
0.053819
0.0557175
0.0469435
0.0562275
0.0555865
0.0727105
0.063781
0.047964
0.0546195
0.060269
0.080178
0.06928000000000001
0.073968
0.0771425
0.066187
0.0617155
0.052539
0.054424
0.061523
0.0566855
0.059022
0.142846
0.08130899999999999
0.116231
0.1121025
0.0977455
0.07279050000000001
0.045513
0.044935
0.0629165
0.07547100000000001
0.1702975
0.15813549999999998
0.1077275
0.0884065
0.08760799999999999
0.085302
0.10653699999999999
0.10634450000000001
0.143499
0.1533925
0.1309305
0.126182
0.1330655
0.11124300000000001
0.10856099999999999
0.104879
0.1111155
0.10040850000000001
0.10302
0.124478
0.11539450000000001
0.123628
0.1191635
0.14091350000000002
0.133861
0.12299850000000001
0.1291735
0.13491750000000002
0.1352565
0.1425345
0.207663
0.2494925
0.261642
0.2791515
0.23667100000000002
0.2402785
0.240701
0.411491
0.3254775
0.3252795
0.29045600000000005
0.24165999999999999
0.26221
0.2373595
0.23265049999999998
0.232531
0.2092285
0.1967825
0.1774175
0.18112499999999998
0.2460515
0.2068505
0.1945245
0.19097750000000002
0.188838
0.20229
0.207241
0.199515
0.21005200000000002
0.2294925
0.253239
0.2638245
0.27329899999999996
0.270446
0.25231349999999997
0.25633150000000005
0.23950900000000003
0.20638
0.2214975
0.23966300000000001
0.259143
0.29396500000000003
0.2862405
0.277993
0.278165
0.2807185
0.35495350000000003
0.35363100000000003
0.3106795
0.3322395
0.3318495
0.31044150000000004
0.3740285
0.360325
0.3748785
0.5239779999999999
0.48977400000000004
0.46773
0.4448435
0.41315
0.3567445
0.3282755
0.354793
0.354617
0.3590945
0.3946525
0.359619
0.346669
0.375988
0.403235
0.406428
0.3454355
0.34968750000000004
0.334156
0.3203055
0.3242915
0.3281635
0.282549
0.2538315
0.2974975
0.36163100000000004
0.212849
0.206147
0.2404215
0.21420050000000002
0.2177365
0.2201845
0.21975099999999997
0.22491250000000002
0.2315495
0.220955
0.2690285
0.37207650000000003
0.349928
0.3076865
0.2599
0.309292
0.2825725
0.1999785
0.2155805
0.25587550000000003
0.2336245
0.2273375
0.20514949999999998
0.1826715
0.1708795
0.17455500000000002
0.206408
0.22265800000000002
0.2084105
0.141892
0.154569
0.1632605
0.210305
0.167782
0.113565
0.1116655
0.138531
0.1166335
0.1061975
0.1186345
0.116687
0.1252125
0.1751355
0.1438195
0.1319945
0.11984900000000001
0.100884
0.08495249999999999
0.07949700000000001
0.0711755
0.0842135
0.2441045
0.24642200000000003
0.203187
0.191377
0.17912699999999998
0.199792
0.2563305
0.236408
0.3183555
0.209439
0.178636
0.156783
0.163927
0.2047295
0.30130049999999997
0.220055
0.3104475
0.3024165
0.278071
0.2435635
0.18624200000000002
0.2088285
0.1966205
0.2312575
0.2572035
0.234521
0.221672
0.21017
0.1658675
0.19230049999999999
0.17208600000000002
0.16138550000000002
0.168752
0.1522215
0.11669650000000001
0.129126
0.1060375
0.166881
0.129411
0.125637
0.10944000000000001
0.1194075
0.12254699999999999
0.1138635
0.1102785
0.11063400000000001
0.1658715
0.2258405
0.2835745
0.2761995
0.261695
0.2644265
0.253213
0.3793265
0.412898
0.39740600000000004
0.29372149999999997
0.235925
0.2801445
0.147661
0.12835950000000002
0.132391
0.14386500000000002
0.1143475
0.1045385
0.10852049999999999
0.08913599999999999
0.09407
0.100827
0.066205
0.0988105
0.0822565
0.07393949999999999
0.09303349999999999
0.084497
0.078925
0.147268
0.164505
0.152112
0.1430075
0.15559050000000002
0.155773
0.1339525
0.11966299999999999
0.0892615
0.08224999999999999
0.2459935
0.1593725
0.16259800000000002
0.15783550000000002
0.12580249999999998
0.128752
0.1337895
0.20016699999999998
0.105767
0.054266999999999996
0.04858
0.041058
0.0413825
0.0427605
0.0388315
0.02425
0.0302035
0.0324085
0.0461035
0.054612
0.056538
0.060676499999999994
0.06476950000000001
0.06599849999999999
0.1111465
0.131496
0.1696325
0.207577
0.1258375
0.126189
0.1592795
0.17746299999999998
0.15561049999999998
0.18156499999999998
0.174785
0.1481925
0.18023
0.20674900000000002
0.167816
0.1374285
0.1473535
0.23455350000000003
0.2099145
0.198934
0.210092
0.2174235
0.1435925
0.172504
0.21953850000000003
0.15757500000000002
0.2047835
0.1742515
0.165987
0.1539905
0.09573599999999999
0.093804
0.068484
0.075443
0.0528015
0.049624
0.0846975
0.10006799999999999
0.0964985
0.0801695
0.0987885
0.077397
0.07196
0.0671455
0.077986
0.10251
0.09719
0.1004585
0.139828
0.156621
0.31234399999999996
0.2950715
0.1872455
0.3872915
0.2094905
0.2162535
0.2584055
0.216121
0.191646
0.170389
0.12958950000000002
0.1348815
0.0976645
0.0783335
0.0908215
0.140903
0.049082
0.0583015
0.0633385
0.0539685
0.066495
0.0675105
0.055760000000000004
0.08244199999999999
0.0571965
0.088426
0.1099725
0.104023
0.181601
0.160325
0.074188
0.06752
0.12079699999999999
0.11509849999999999
0.110812
0.1095115
0.13357249999999998
0.1374035
0.1441925
0.153062
0.2031915
0.176113
0.1671925
0.161711
0.1757985
0.1625575
0.2044455
0.19238100000000002
0.08531
0.0851875
0.09826850000000001
0.0986625
0.1223045
0.153808
0.1590385
0.144561
0.14445049999999998
0.14984
0.152654
0.161143
0.30711
0.2864795
0.241562
0.26403750000000004
0.257052
0.271179
0.262863
0.24040699999999998
0.19692300000000001
0.1879115
0.197576
0.1859315
0.187282
0.19047799999999998
0.186882
0.186722
0.177867
0.0327745
0.04574
0.0407325
0.0441695
0.06493600000000001
0.0550735
0.0511105
0.0465155
0.0510805
0.051722500000000005
0.045117
0.048221
0.0452185
0.048345
0.042462
0.039376999999999995
0.036416500000000004
0.0350795
0.031813
0.0377645
0.0415795
0.0423155
0.032227
0.0311175
0.030429499999999998
0.035523
0.034060499999999994
0.036319500000000005
0.0265195
0.027673000000000003
0.0423155
0.0637785
0.022102
0.025419999999999998
0.036371
0.0351345
0.0332685
0.029336
0.031772999999999996
0.031490000000000004
0.02574
0.032818
0.0349835
0.046708
0.0527415
0.067408
0.0776795
0.050779
0.074461
0.072522
0.0918895
0.064957
0.066664
0.058688500000000005
0.06292500000000001
0.063712
0.061909
0.04722850000000001
0.0530635
0.025396000000000002
0.030668
0.030696499999999998
0.030175
0.0353465
0.0337865
0.030528
0.032848
0.0266025
0.028395
0.037139000000000005
0.0397175
0.045802999999999996
0.0414075
0.045512
0.067159
0.0346475
0.0379315
0.042222499999999996
0.0498915
0.0564235
0.0524835
0.0609195
0.044369500000000006
0.0446695
0.039022
0.043118500000000004
0.041176500000000005
0.039542499999999994
0.038987
0.044447
0.0452435
0.0629505
0.048069
0.051505499999999996
0.045879
0.0401775
0.0604535
0.059883
0.0670755
0.046027
0.0472085
0.0652595
0.04531
0.040092
0.0448575
0.0427665
0.0541865
0.037862
0.044872499999999996
0.035408
0.0407715
0.0537565
0.042654
0.038903
0.033631
0.050589499999999996
0.043096999999999996
0.053678000000000003
0.06378600000000001
0.0560035
0.0437835
0.038443000000000005
0.023206499999999998
0.024466500000000002
0.025615
0.0276465
0.025155999999999998
0.0247615
0.027228500000000003
0.0319405
0.036513000000000004
0.044617500000000004
0.0429225
0.0451975
0.045552999999999996
0.045643
0.0725435
0.0711465
0.072154
0.0574
0.06300549999999999
0.051547499999999996
0.0481285
0.110903
0.115393
0.13402
0.153292
0.1447285
0.160531
0.1436435
0.08200550000000001
0.0703395
0.075083
0.067876
0.06261649999999999
0.0401745
0.051271
0.047972
0.0517465
0.0414425
0.0325055
0.031866000000000005
0.093793
0.085894
0.089569
0.08384449999999999
0.0863865
0.1101805
0.09506300000000001
0.047111
0.040568
0.054562
0.043190000000000006
0.040221
0.0340425
0.0421965
0.20985399999999998
0.1915865
0.1427495
0.13805800000000001
0.1742225
0.15266049999999998
0.179343
0.2140075
0.1528005
0.158577
0.144328
0.142426
0.1567345
0.1642275
0.2070035
0.168331
0.1460985
0.1671125
0.168492
0.23930849999999998
0.237385
0.201239
0.16903600000000002
0.201679
0.222828
0.25252549999999996
0.17805749999999998
0.141124
0.1371505
0.137558
0.1293175
0.0710035
0.074248
0.07059750000000001
0.062129500000000004
0.06598799999999999
0.0490035
0.0473915
0.019652999999999997
0.023407499999999998
0.02432
0.0229515
0.0267855
0.028013
0.0262005
0.019559
0.028329
0.033914
0.0234365
0.0289935
0.0331355
0.034094
0.037775500000000004
0.0332375
0.032234
0.0320625
