0.031054500000000002
0.02805
0.0348705
0.030935
0.0637375
0.068223
0.05954249999999999
0.074234
0.083657
0.0519615
0.049939
0.06688549999999999
0.07158
0.06872149999999999
0.064199
0.071633
0.0235935
0.0250345
0.028742000000000004
0.0326845
0.027140499999999998
0.029534
0.022478
0.023375
0.0241575
0.026980499999999998
0.024480000000000002
0.027703
0.023802499999999997
0.027284000000000003
0.0328055
0.0321675
0.0334195
0.051361000000000004
0.039968000000000004
0.049626500000000004
0.041389999999999996
0.058388999999999996
0.055942500000000006
0.0600855
0.054352
0.053138
0.056015999999999996
0.057672
0.05358449999999999
0.057403499999999996
0.06941850000000001
0.0465725
0.0412735
0.044118
0.0363015
0.04578599999999999
0.07112399999999999
0.023888
0.028063499999999998
0.0229335
0.028247
0.022705999999999997
0.023313
0.022182
0.028529
0.020706500000000003
0.0204395
0.020243499999999998
0.0265255
0.028276499999999996
0.02826
0.030481
0.034890500000000005
0.0251225
0.0214175
0.022676500000000002
0.023203500000000002
0.0308135
0.0368775
0.0340835
0.0396505
0.0310225
0.0332735
0.035508
0.036096500000000004
0.016842
0.0280865
0.0395715
0.0274475
0.029085
0.037748
0.029240500000000003
0.029894
0.028604000000000004
0.021781000000000002
0.0249395
0.0334085
0.0268505
0.026879
0.0349685
0.031115499999999997
0.0377345
0.048641000000000004
0.0585605
0.01761
0.014048000000000001
0.013588
0.018792
0.018729000000000003
0.021138
0.0224105
0.037081
0.0339725
0.021721499999999998
0.0183175
0.016959
0.0234275
0.026482
0.023736
0.0207745
0.0200695
0.0270415
0.0306535
0.025567
0.022983
0.0191355
0.023436
0.0477505
0.0442745
0.038076
0.042599
0.04503
0.049631499999999995
0.0518065
0.0501365
0.0333595
0.039456500000000005
0.041806499999999996
0.0316605
0.0334725
0.03511
0.0377275
0.033368499999999995
0.02389
0.0284535
0.026873
0.01547
0.026328499999999998
0.037476
0.0286945
0.028873000000000003
0.026652500000000003
0.027236000000000003
0.056284
0.0351005
0.0443285
0.033292
0.039969000000000005
0.0303655
0.0266515
0.022851000000000003
0.025012
0.0393785
0.0317785
0.0366925
0.0257325
0.0289665
0.0386285
0.0194725
0.0202125
0.0207245
0.0301435
0.026370499999999998
0.032672999999999994
0.034578
0.0467285
0.0814785
0.0808375
0.078066
0.07899
0.0740855
0.060844499999999996
0.050167
0.058673
0.33370999999999995
0.3289565
0.326936
0.3120725
0.3736705
0.5345519999999999
0.068529
0.062113
0.2455295
0.214344
0.087745
0.063127
0.0453825
0.0373195
0.027214500000000003
0.025244500000000003
0.0273055
0.035924
0.036805000000000004
0.038739499999999996
0.037702
0.052063
0.0471665
0.0455
0.0439475
0.045208
0.0463965
0.05452850000000001
0.0712
0.05991300000000001
0.06414049999999999
0.0562695
0.0578735
0.05921850000000001
0.0935675
0.067236
0.046345000000000004
0.0384295
0.0496645
0.057734999999999995
0.0657075
0.0750025
0.0934865
0.041180999999999995
0.071804
0.0382765
0.0412195
0.0471405
0.0407225
0.043261
0.04094250000000001
0.056491
0.041084999999999997
0.0438005
0.05466649999999999
0.0647845
0.0683265
0.057876000000000004
0.0515955
0.07322
0.0683955
0.0736125
0.0878935
0.08511300000000001
0.07156300000000002
0.071443
0.0762085
0.028952
0.030260999999999996
0.0316185
0.026597
0.035718
0.049041
0.0245185
0.0330375
0.041215
0.0374675
0.04152650000000001
0.02989
0.0333605
0.035949499999999995
0.0412655
0.04695
0.037066
0.043386499999999995
0.04215
0.0410995
0.031883
0.0354405
0.036705
0.04456
0.0509175
0.055833999999999995
0.04886499999999999
0.0519185
0.0285375
0.0385495
0.0285515
0.0272255
0.026229500000000003
0.030913
0.041916
0.033297
0.039842
0.0369315
0.03689
0.04279
0.041231
0.048171
0.0485515
0.0506085
0.0483535
0.041906
0.037328
0.034630499999999995
0.036654
0.052605
0.0459815
0.045136499999999996
0.059093
0.06705350000000002
0.1191245
0.11821200000000001
0.143617
0.17657
0.12291549999999998
0.12371750000000001
0.09971250000000001
0.09159
0.1065575
0.1223175
0.15251
0.152449
0.0377555
0.034195
0.028856
0.025503
0.024619000000000002
0.027248
0.037897
0.037613
0.037235000000000004
0.050916
0.06303800000000001
0.0684765
0.082597
0.0780835
0.07408
0.0696805
0.075356
0.07635149999999999
0.07742600000000001
0.08246700000000001
0.07915749999999999
0.0567995
0.05842749999999999
0.051652
0.048354
0.050973000000000004
0.052636499999999996
0.040586
0.043748999999999996
0.038150500000000004
0.066104
0.03917999999999999
0.0374875
0.042930499999999996
0.039543999999999996
0.033472
0.053157499999999996
0.06340799999999999
0.074874
0.0877415
0.12326599999999999
0.0718755
0.0408195
0.0395075
0.0484005
0.043007000000000004
0.0401925
0.0370255
0.0429875
0.056544
0.056231
0.0580315
0.0606765
0.0593795
0.06488150000000001
0.076142
0.0784175
0.0935835
0.056507
0.0538155
0.05734
0.058759000000000006
0.06971949999999999
0.0633685
0.0660955
0.0776825
0.0860835
0.094163
0.109302
0.1364895
0.0900485
0.10266449999999999
0.148549
0.14184200000000002
0.11619750000000001
0.1131165
0.09854450000000001
0.1022225
0.13548700000000002
0.0945425
0.08742549999999999
0.08855199999999999
0.074216
0.0715865
0.0717435
0.139048
0.13850800000000002
0.125756
0.13597599999999999
0.12999650000000001
0.15219
0.11248849999999999
0.1229355
0.1077915
0.12418499999999999
0.148951
0.16706100000000002
0.157079
0.140441
0.125724
0.12652249999999998
0.1554485
0.1993905
0.18787549999999997
0.145909
0.13631100000000002
0.122951
0.11314300000000001
0.1261585
0.178815
0.2323655
0.20729799999999998
0.19937
0.1631335
0.175461
0.1650435
0.11673149999999999
0.163666
0.21566449999999998
0.121279
0.122805
0.11432200000000001
0.125692
0.1405765
0.15104499999999998
0.121512
0.10983499999999999
0.0796055
0.0786535
0.07391049999999999
0.07634350000000001
0.3936985
0.2994745
0.21964550000000002
0.199314
0.19427049999999998
0.1805155
0.1619105
0.2009225
0.23771799999999998
0.26784949999999996
0.42387949999999996
0.526368
0.410029
0.31902200000000003
0.357719
0.294223
0.29250750000000003
0.30518199999999995
0.35567899999999997
0.344787
0.2886525
0.2669315
0.2887575
0.183864
0.1786705
0.1652475
0.131237
0.126203
0.1156995
0.0826105
0.10504649999999999
0.108237
0.12064
0.118171
0.10002649999999999
0.28234950000000003
0.141403
0.0902175
0.09550600000000001
0.10123750000000001
0.1422795
0.11946650000000002
0.198488
0.165289
0.1672365
0.1738615
0.1876695
0.0810825
0.0666795
0.0616275
0.060951000000000005
0.0426155
0.046777
0.0471565
0.052491499999999996
0.0527735
0.0480365
0.047758999999999996
0.048714499999999994
0.055014999999999994
0.0474505
0.051953
0.077402
0.08129650000000001
0.0826625
0.0641105
0.047515
0.0481075
0.054237
0.053530499999999995
0.060214000000000004
0.0615255
0.085981
0.038678000000000004
0.045962
0.0472925
0.0493305
0.0549015
0.0547505
0.06100900000000001
0.0675115
0.0999095
0.10198750000000001
0.1382325
0.1108555
0.10424599999999999
0.15997050000000002
0.15027
0.169818
0.160526
0.16294
0.151179
0.20987450000000002
0.22115200000000002
0.2334785
0.24020599999999998
0.2099725
0.152098
0.14329399999999998
0.141915
0.131579
0.19579449999999998
0.2405055
0.23845850000000002
0.21914
0.2161855
0.2393705
0.1676895
0.17188350000000002
0.158104
0.14322100000000001
0.1504995
0.1633485
0.1528605
0.147926
0.17851499999999998
0.0973145
0.0919555
0.081015
0.112372
0.13301000000000002
0.12540199999999999
0.10505250000000001
0.090039
0.08049200000000001
0.08636550000000001
0.090286
0.10668849999999999
0.08734800000000001
0.08292550000000001
0.0698085
0.06701599999999999
0.0922425
0.027623500000000002
0.0244425
0.0267415
0.0232565
0.022742
0.027463500000000002
0.029915999999999998
0.029566500000000003
0.033109
0.037775500000000004
0.04077
0.045939999999999995
0.0548545
0.0566315
0.067314
0.05976
0.0604305
0.0684125
0.0673175
0.058506
0.0614295
0.0571405
0.07142299999999999
0.101219
0.09846350000000001
0.0477515
0.04448049999999999
0.0465675
0.0467615
0.049203
0.0545315
0.05763950000000001
0.0577665
0.060787
0.0618485
0.0723505
0.071395
0.07222400000000001
0.070648
0.069833
0.07698550000000001
0.0965245
0.09105150000000001
0.091654
0.0951795
0.093148
0.101728
0.107087
0.1023365
0.098693
0.0950075
0.0970915
0.1014985
0.1166905
0.10703499999999999
0.11200849999999998
0.10256299999999999
0.085535
0.077062
0.072286
0.093618
0.12493249999999999
0.13056
0.12258150000000001
0.130247
0.1244455
0.12716550000000001
0.12908999999999998
0.1299535
0.1133825
0.09055550000000001
0.08348850000000001
0.0698715
0.071607
0.082755
0.091314
0.09335750000000001
0.187927
0.167413
0.1591665
0.15361350000000001
0.166936
0.17124
0.1541365
0.12723
0.119187
0.12268200000000001
0.1560115
0.180413
0.227034
0.187398
0.178695
0.14588199999999998
0.1675325
0.08719550000000001
0.08017099999999999
0.08299999999999999
0.07703499999999999
0.11240549999999999
0.1184865
0.101241
0.107129
0.100413
0.097853
0.103786
0.13003699999999999
0.140843
0.1351395
0.10972499999999999
0.0920645
0.10210050000000001
0.080118
0.0862925
0.082477
0.0905505
0.094267
0.09619849999999999
0.106773
0.1267005
0.17308849999999998
0.152891
0.1243625
0.1279865
0.1120005
0.1375115
0.1285365
0.125625
0.13199149999999998
0.1312665
0.1219055
0.1265215
0.1088695
0.1151575
0.093244
0.08699799999999999
0.0942585
0.1250845
0.1182485
0.1305965
0.123623
0.13609949999999998
0.1177935
0.118591
0.1122625
0.1101965
0.106896
0.119017
0.1290735
0.121223
0.11992749999999999
0.18215550000000003
0.18691950000000002
0.1896095
0.1798595
0.18803799999999998
0.189282
0.1822325
0.1800675
0.18191849999999998
0.192691
0.19189299999999998
0.16716599999999998
0.16621799999999998
0.260039
0.2651295
0.23716
0.23537550000000002
0.23074899999999998
0.2300685
0.2449085
0.245035
0.2520445
0.27154749999999994
0.2606585
0.260456
0.27713
0.343143
0.387335
0.366958
0.3716465
0.09734599999999999
0.0871865
0.097016
0.11638400000000002
0.10689
0.109564
0.10461600000000001
0.107893
0.1055935
0.1334865
0.10770549999999998
0.0819155
0.0906325
0.08389350000000001
0.09531999999999999
0.094157
0.0862425
0.0759055
0.0761695
0.0832225
0.07407549999999999
0.0927235
0.11250750000000001
0.09951299999999999
0.09102299999999999
0.090692
0.0896545
0.0779965
0.10604250000000001
0.12455950000000002
0.09171649999999999
0.092221
0.09872249999999999
0.09858
0.09189149999999999
0.0885675
0.0804095
0.0740765
0.075613
0.098931
0.118506
0.215584
0.12728199999999998
0.12938
0.13076549999999998
0.1235395
0.12085549999999999
0.129944
0.139354
0.22153799999999998
0.2115975
0.202609
0.191059
0.1734195
0.162733
0.16036
0.1546265
0.2214555
0.23005199999999998
0.172448
0.1722155
0.14808749999999998
0.170618
0.1598005
0.1918055
0.22643800000000003
0.21285500000000002
0.219432
0.190844
0.149998
0.15652549999999998
0.164711
0.168611
0.6811105
0.690318
0.602224
0.5461805
0.45841849999999995
0.41645449999999995
0.355248
0.28059749999999994
0.378516
0.30261650000000007
0.30985450000000003
0.3913215
0.38708049999999994
0.25463650000000004
0.2548745
0.253296
0.245425
0.248501
0.2348375
0.19386
0.2109225
0.184201
0.18684
0.1939185
0.18129499999999998
0.168987
0.2428775
0.2063335
0.2138435
0.2369505
0.2597255
0.2581055
0.27266250000000003
0.2624265
0.271386
0.26801549999999996
0.2798725
0.2869295
0.2901445
0.2940075
0.330764
0.3384965
0.339978
0.3466435
0.34922949999999997
0.32144700000000004
0.2893115
0.301504
0.2816435
0.33072250000000003
0.3214045
0.29972299999999996
0.3618395
0.319154
0.29145350000000003
0.2578415
0.264784
0.234158
0.2066695
0.272614
0.2465715
0.26978599999999997
0.26573349999999996
0.329841
0.25197749999999997
0.23844299999999996
0.2250185
0.2274385
0.214852
0.2364935
0.2027625
0.197289
0.25173700000000004
0.1725595
0.171823
0.17828149999999998
0.1650415
0.176263
0.163016
0.15210400000000002
0.140171
0.13846000000000003
0.1407795
0.1349945
0.13133250000000002
0.1151295
0.19474650000000002
0.217542
0.107961
0.11734649999999999
0.103235
0.08170549999999999
0.082118
0.077827
0.093198
0.09173899999999999
0.0897135
0.07768549999999999
0.0743755
0.07749700000000001
0.081695
0.08435400000000001
0.091494
0.08073849999999999
0.0842995
0.079693
0.068835
0.0662825
0.07238549999999999
0.07350100000000001
0.082882
0.09357599999999999
0.09215100000000001
0.0912155
0.0870325
0.0934535
0.0947755
0.0903185
0.0930955
0.08233750000000001
0.0738355
0.0699285
0.0685105
0.0700255
0.1427695
0.1205795
0.11136750000000001
0.108864
0.1118025
0.12167449999999999
0.1252595
0.13807350000000002
0.13946550000000002
0.15981050000000002
0.16849150000000002
0.167512
0.1941765
0.218699
0.21676550000000003
0.2377105
0.2390065
0.253272
0.2773685
0.267408
0.28546649999999996
0.293099
0.38614000000000004
0.3350495
0.28757299999999997
0.2717855
0.263303
0.26650450000000003
0.2548875
0.26137900000000003
0.318918
0.3363105
0.314026
0.29615899999999995
0.179267
0.1692555
0.1622095
0.1703
0.193694
0.171539
0.1833035
0.16846700000000003
0.1296145
0.1391995
0.1507885
0.16206150000000002
0.48590900000000004
0.417268
0.29281199999999996
0.2966725
0.28705349999999996
0.29204050000000004
0.27802250000000006
0.283607
0.224258
0.2478935
0.235879
0.3256645
0.311199
0.24656799999999998
0.204111
0.25211799999999995
0.26813
0.16693449999999999
0.1457
0.1432485
0.141405
0.1318005
0.161332
0.173531
0.1687455
0.161777
0.164476
0.182853
0.139439
0.12118999999999999
0.12460950000000001
0.1208625
0.120803
0.142125
0.1746525
0.1775675
0.1736165
0.2011635
0.216144
0.214926
0.20494
0.1851125
0.1660885
0.1876525
0.229982
0.25122750000000005
0.27995600000000004
0.28315450000000003
0.28283650000000005
0.3202165
0.2778475
0.26083599999999996
0.24744549999999998
0.227858
0.20143299999999997
0.2177585
0.24656399999999998
0.2862765
0.23616949999999998
0.225939
0.19677250000000002
0.2029435
0.20372600000000002
0.203309
0.1886895
0.19202999999999998
0.202736
0.2183535
0.221306
0.2231185
0.217091
0.20575100000000002
0.20316099999999998
0.1891675
0.1992135
0.1967785
0.1835925
0.142875
0.14646599999999999
0.15105999999999997
0.154908
0.1467005
0.2337415
0.224176
0.211729
0.220397
0.2188345
0.215196
0.219673
0.23861499999999997
0.2439885
0.20257599999999998
0.2073945
0.1976175
0.2096195
0.209336
0.2131445
0.2164435
0.19622699999999998
0.1849385
0.1722445
0.1669875
0.17315049999999998
0.216056
0.20156749999999998
0.184158
0.19800600000000002
0.2149005
0.16096749999999999
0.148988
0.126246
0.15321099999999999
0.19436350000000002
0.22257150000000003
0.22871799999999998
0.1828155
0.193131
0.16758449999999997
0.1923935
0.19776
0.2018135
0.171325
0.172643
0.21868100000000001
0.269586
0.22389099999999998
0.13935
0.12118399999999999
0.1557755
0.2115665
0.1921205
0.190448
0.21262450000000002
0.19889799999999996
0.20667999999999997
0.2118285
0.30078499999999997
0.26058950000000003
0.332272
0.31620950000000003
0.298004
0.25345799999999996
0.215654
0.231095
0.2237355
0.25418349999999995
0.215335
0.2357725
0.519058
0.388671
0.28948949999999996
0.2419195
0.23348750000000001
0.218946
0.2461255
0.0508255
0.052098000000000005
0.0536335
0.0598685
0.065084
0.097491
0.0890965
0.093989
0.040940000000000004
0.038182
0.0372065
0.039594500000000005
0.042166
0.0453515
0.046615500000000004
0.05724
0.07728850000000001
0.076338
0.083132
0.07658000000000001
0.062161499999999995
0.059262
0.0701495
0.0637645
0.05690250000000001
0.05792799999999999
0.0494485
0.0529635
0.053101
0.045182
0.0629285
0.08382200000000001
0.057968000000000006
0.059045
0.0580775
0.059771500000000005
0.071693
0.0776175
0.058849
0.049676
0.0411705
0.0406305
0.041232
0.05217600000000001
0.15517
0.16594799999999998
0.18144700000000002
0.21012999999999998
0.20973000000000003
0.2001675
0.2293305
0.2199585
0.22180249999999999
0.22471750000000001
0.2333305
0.221155
0.25111
0.276796
0.268326
0.2574885
0.23489100000000002
0.26180950000000003
0.248157
0.4395045
0.44080700000000006
0.4159705
0.3377835
0.30971550000000003
0.30621
0.311394
0.312327
0.33394250000000003
0.344804
0.32112450000000003
0.3898745
0.40340600000000004
0.314573
0.31407799999999997
0.3028735
0.34968699999999997
0.38387899999999997
0.457079
0.28744400000000003
0.07030800000000001
0.051526499999999996
0.057960000000000005
0.0726155
0.130972
0.14255
0.12081900000000001
0.13768200000000003
0.13927250000000002
0.0812795
0.079183
0.0845255
0.103484
0.101621
0.0875725
0.14680300000000002
0.1169685
0.123222
0.1107765
0.1198305
0.07589950000000001
0.0639
0.062724
0.066145
0.073883
0.0748915
0.058376
0.080044
0.09275
0.0761195
0.068936
0.057082
0.053819
0.0557175
0.0469435
0.0562275
0.055586500000000004
0.0727105
0.063781
0.047964
0.0546195
0.060269
0.080178
0.06928000000000001
0.073968
0.0771425
0.066187
0.061715500000000006
0.052538999999999995
0.054424
0.061523
0.0566855
0.05902199999999999
0.14284599999999997
0.08130899999999999
0.116231
0.1121025
0.0977455
0.07279050000000001
0.045513
0.044935
0.0629165
0.075471
0.1702975
0.1581355
0.1077275
0.0884065
0.08760799999999999
0.085302
0.10653699999999999
0.10634449999999998
0.143499
0.1533925
0.1309305
0.126182
0.1330655
0.11124300000000001
0.108561
0.104879
0.1111155
0.1004085
0.10302
0.124478
0.11539450000000001
0.12362799999999999
0.1191635
0.1409135
0.133861
0.12299849999999998
0.1291735
0.13491750000000002
0.1352565
0.1425345
0.20766300000000001
0.2494925
0.261642
0.2791515
0.236671
0.2402785
0.240701
0.41149100000000005
0.32547750000000003
0.3252795
0.290456
0.24165999999999999
0.26220999999999994
0.2373595
0.23265049999999998
0.232531
0.2092285
0.19678250000000003
0.1774175
0.18112499999999998
0.24605149999999998
0.2068505
0.1945245
0.1909775
0.188838
0.20229
0.207241
0.199515
0.21005200000000002
0.2294925
0.253239
0.2638245
0.273299
0.270446
0.25231349999999997
0.25633150000000005
0.239509
0.20638
0.2214975
0.23966300000000001
0.259143
0.29396500000000003
0.2862405
0.277993
0.278165
0.2807185
0.35495350000000003
0.35363100000000003
0.3106795
0.3322395
0.3318495
0.31044150000000004
0.3740285
0.360325
0.3748785
0.5239779999999999
0.48977400000000004
0.46773
0.44484349999999995
0.41315
0.3567445
0.3282755
0.354793
0.35461699999999996
0.3590945
0.3946525
0.359619
0.346669
0.375988
0.403235
0.406428
0.3454355
0.34968750000000004
0.334156
0.3203055
0.3242915
0.3281635
0.282549
0.2538315
0.2974975
0.36163100000000004
0.212849
0.206147
0.2404215
0.21420050000000002
0.2177365
0.2201845
0.219751
0.22491250000000002
0.2315495
0.220955
0.2690285
0.3720765
0.349928
0.3076865
0.2599
0.309292
0.2825725
0.1999785
0.2155805
0.25587550000000003
0.23362449999999998
0.2273375
0.20514949999999998
0.1826715
0.1708795
0.17455500000000002
0.20640799999999998
0.22265799999999997
0.2084105
0.141892
0.154569
0.1632605
0.21030500000000002
0.16778200000000001
0.113565
0.1116655
0.138531
0.1166335
0.1061975
0.1186345
0.116687
0.1252125
0.1751355
0.1438195
0.1319945
0.11984900000000001
0.100884
0.08495249999999999
0.079497
0.0711755
0.0842135
0.2441045
0.246422
0.203187
0.191377
0.17912699999999998
0.199792
0.2563305
0.236408
0.3183555
0.209439
0.17863600000000002
0.156783
0.16392700000000002
0.2047295
0.30130049999999997
0.220055
0.3104475
0.3024165
0.27807099999999996
0.2435635
0.18624200000000002
0.2088285
0.19662049999999998
0.2312575
0.2572035
0.23452099999999998
0.221672
0.21017
0.1658675
0.19230049999999999
0.17208600000000002
0.16138550000000002
0.168752
0.1522215
0.11669649999999998
0.12912600000000002
0.1060375
0.166881
0.129411
0.125637
0.10944
0.1194075
0.122547
0.1138635
0.1102785
0.11063400000000001
0.1658715
0.2258405
0.2835745
0.2761995
0.261695
0.2644265
0.253213
0.3793265
0.412898
0.39740600000000004
0.29372149999999997
0.235925
0.2801445
0.147661
0.12835950000000002
0.132391
0.14386500000000002
0.11434749999999999
0.1045385
0.1085205
0.08913599999999999
0.09406999999999999
0.100827
0.066205
0.0988105
0.08225650000000001
0.07393949999999999
0.09303349999999999
0.08449699999999999
0.078925
0.147268
0.164505
0.152112
0.1430075
0.15559050000000002
0.155773
0.1339525
0.11966299999999999
0.0892615
0.08224999999999999
0.24599349999999998
0.1593725
0.16259800000000002
0.15783550000000002
0.12580249999999998
0.128752
0.1337895
0.20016699999999998
0.105767
0.054266999999999996
0.04858
0.041058
0.0413825
0.04276050000000001
0.0388315
0.02425
0.0302035
0.0324085
0.0461035
0.054612
0.056538
0.06067650000000001
0.06476950000000001
0.0659985
0.11114650000000001
0.131496
0.16963250000000002
0.207577
0.1258375
0.126189
0.15927950000000002
0.17746299999999998
0.15561049999999998
0.18156499999999998
0.174785
0.1481925
0.18023
0.206749
0.16781600000000002
0.1374285
0.14735350000000003
0.23455350000000003
0.2099145
0.198934
0.210092
0.2174235
0.1435925
0.17250400000000002
0.21953850000000003
0.157575
0.2047835
0.1742515
0.165987
0.1539905
0.09573599999999999
0.093804
0.068484
0.07544300000000001
0.0528015
0.049624
0.08469750000000001
0.10006799999999999
0.09649849999999999
0.0801695
0.0987885
0.07739700000000001
0.07196
0.0671455
0.077986
0.10250999999999999
0.09719
0.10045849999999999
0.139828
0.156621
0.31234399999999996
0.2950715
0.1872455
0.3872915
0.20949049999999997
0.2162535
0.2584055
0.216121
0.191646
0.170389
0.12958950000000002
0.1348815
0.0976645
0.0783335
0.0908215
0.140903
0.048164
0.057103999999999995
0.0619165
0.05244
0.0649335
0.066025
0.0545155
0.0818215
0.056444499999999995
0.087407
0.1087475
0.1026715
0.18022
0.1590605
0.073436
0.0671245
0.120495
0.1145075
0.1099955
0.1085565
0.13257600000000003
0.1365045
0.1434875
0.15262900000000001
0.20254099999999997
0.1751365
0.1659765
0.160352
0.174404
0.161329
0.20343650000000002
0.191695
0.0841105
0.0838395
0.09689
0.0974385
0.12133349999999998
0.15310649999999998
0.1587835
0.14359300000000003
0.143439
0.14917049999999998
0.1523055
0.161189
0.3065125
0.28553950000000006
0.24022549999999998
0.26248
0.255398
0.269594
0.2614695
0.2392865
0.195345
0.1860155
0.195356
0.183534
0.184821
0.188148
0.1848995
0.1850065
0.17661400000000002
0.031628500000000004
0.043512999999999996
0.038609500000000005
0.042191
0.06344050000000001
0.0524555
0.048603999999999994
0.044259
0.0492115
0.050168500000000005
0.043122
0.04589599999999999
0.042693999999999996
0.0457675
0.040041999999999994
0.0372585
0.034756499999999996
0.0340995
0.0304
0.0360325
0.039657
0.0403515
0.030421999999999998
0.0295715
0.0293705
0.034728999999999996
0.032806
0.034697
0.024665
0.0257405
0.040526000000000006
0.062266999999999996
0.0210685
0.023864499999999997
0.03443
0.0329545
0.031012500000000002
0.0272385
0.0299945
0.030187
0.0248905
0.0314705
0.033267000000000005
0.044770500000000005
0.0507485
0.065554
0.0761265
0.0495685
0.0736215
0.0711725
0.0901505
0.06298000000000001
0.0646175
0.056384
0.0603555
0.06104949999999999
0.059357499999999994
0.044957
0.051225
0.023961499999999997
0.028738
0.028384
0.027629
0.0327455
0.031347
0.0284265
0.031214999999999996
0.025438500000000003
0.0266635
0.034957
0.037273
0.0432795
0.0390425
0.043484999999999996
0.065604
0.0331235
0.036019999999999996
0.040143
0.047803
0.054500999999999994
0.050866
0.0598985
0.043886999999999995
0.043617
0.037654
0.0413545
0.0393395
0.0378585
0.037647
0.043594
0.044331
0.061641
0.0464995
0.049903
0.0444765
0.039768
0.0597635
0.058965500000000004
0.0660515
0.045094499999999996
0.0465715
0.065054
0.0435575
0.0380275
0.0427515
0.0407425
0.052488999999999994
0.0366875
0.044043
0.0341885
0.0393535
0.0523485
0.041460000000000004
0.03812600000000001
0.0334265
0.050278500000000004
0.042282
0.052544999999999994
0.062564
0.054968
0.0430785
0.03826450000000001
0.022448000000000003
0.0232
0.024036000000000002
0.0259755
0.0236645
0.0236635
0.026684
0.030967499999999995
0.0350185
0.042800000000000005
0.041004
0.043426
0.0441435
0.04476
0.0707755
0.068854
0.069538
0.054685000000000004
0.060448
0.0493655
0.046488
0.10875699999999999
0.112766
0.13107000000000002
0.150268
0.1418985
0.1580375
0.1416625
0.088516
0.068251
0.0726825
0.0653985
0.07851
0.038258
0.049925
0.045387
0.049022
0.038842
0.030272
0.0302125
0.09123400000000001
0.0827185
0.08599599999999999
0.080125
0.08283850000000001
0.10705350000000001
0.09257699999999999
0.044421
0.037282499999999996
0.0509055
0.03941650000000001
0.0366325
0.030893
0.03970750000000001
0.206312
0.18796400000000002
0.13933600000000002
0.135058
0.1718885
0.15030949999999998
0.1763865
0.2106595
0.1493205
0.155287
0.14148850000000002
0.140263
0.15416849999999999
0.161016
0.20331300000000002
0.1645475
0.1424735
0.16394999999999998
0.16594150000000002
0.23580249999999997
0.23328749999999998
0.1966905
0.164317
0.197095
0.2186685
0.249046
0.1754055
0.1373235
0.13316850000000002
0.133731
0.125947
0.0692795
0.0718165
0.067663
0.05899650000000001
0.062975
0.0464215
0.04552
0.058512999999999996
0.059285500000000005
0.0530205
0.0512185
0.08628050000000001
0.018513500000000002
0.02142
0.0217015
0.0200215
0.0239315
0.025564999999999997
0.0244495
0.017910000000000002
0.0259415
0.031016000000000002
0.020352500000000003
0.0262335
0.029396
0.029727499999999997
0.033115000000000006
0.0286855
0.028130000000000002
0.028707999999999997
