0.031227500000000002
0.06987879999999999
0.06355992857142857
0.02702957142857143
0.0253975
0.04010542857142857
0.056513571428571434
0.05674475
0.047720599999999995
0.024858500000000002
0.023104333333333334
0.030477
0.02774207142857143
0.035110199999999994
0.027986874999999998
0.029337562500000004
0.03782135714285715
0.01804507142857143
0.025212125
0.0237075625
0.04616306249999999
0.0357451875
0.027007312500000002
0.03714891666666667
0.028969800000000007
0.033529500000000004
0.028862874999999996
0.07039274999999999
0.36831624999999996
0.147628875
0.0583935
0.032705
0.050751250000000005
0.06516375
0.06170081250000001
0.045568437499999996
0.054859
0.07169205000000001
0.029357124999999998
0.036706
0.038058499999999995
0.041904199999999996
0.03585622222222223
0.0426666
0.04670977777777779
0.1360878
0.12126485714285715
0.02969608333333333
0.04091525
0.07515577272727271
0.04903644444444444
0.04311966666666667
0.07905374999999999
0.04170571428571429
0.06709855555555556
0.0683534
0.12148258333333334
0.09578490909090909
0.13691241666666668
0.1353297727272727
0.1473912142857143
0.18175485000000002
0.12928658333333334
0.1614087222222222
0.2837999090909091
0.3104932222222222
0.1305115
0.13406075
0.17850890000000003
0.067585125
0.04822992857142857
0.056107
0.06391799999999999
0.07497434615384616
0.18594145
0.18889424999999999
0.16734180000000004
0.09566425
0.09359046153846153
0.030778875
0.06791553846153847
0.05717742307692307
0.09152892307692308
0.10334323076923074
0.10286407692307689
0.16095781250000002
0.1649816666666667
0.0942192142857143
0.11190904999999998
0.11182353846153846
0.11745923076923075
0.12027292307692308
0.1829269615384615
0.25156165384615387
0.367270625
0.099483125
0.10250090909090909
0.08799096153846153
0.09537207692307693
0.1395880625
0.18474281250000002
0.18810227777777777
0.18042521428571429
0.4461492692307693
0.2162765
0.25763638461538463
0.3188365384615385
0.2718731818181818
0.23758524999999997
0.15230426923076926
0.11123479166666668
0.07831019230769232
0.08463503846153847
0.13921896153846156
0.2543106111111111
0.2993362916666667
0.16497495833333334
0.30559000000000003
0.20112144999999998
0.148478625
0.1985894166666667
0.2610152083333333
0.20959108333333334
0.17806370833333332
0.22515005555555556
0.19580662499999998
0.17984640000000002
0.20158520833333335
0.1876696818181818
0.26142445833333333
0.30538528571428575
0.07026075
0.055052875
0.05980112499999999
0.055658875000000003
0.20607391666666666
0.25693971428571427
0.3521439090909091
0.3558771111111111
0.10263394444444446
0.10502418181818184
0.07215168181818182
0.05679272727272728
0.06478768181818183
0.085186
0.1137948125
0.12057240909090906
0.12930172727272726
0.24508564285714288
0.33817600000000003
0.21899605555555557
0.21173377272727276
0.24702933333333338
0.29016835714285716
0.343509125
0.4093
0.3636176
0.307994
0.22524868181818186
0.2739865454545454
0.18524366666666667
0.13531581818181818
0.11016899999999999
0.2195935
0.2191531875
0.24468087499999996
0.19821755555555554
0.12602037500000002
0.13634649999999998
0.3044761428571428
0.30179925
0.125669
0.08617
0.1343383
0.15778638888888888
0.046321875
0.042931555555555556
0.12510333333333332
0.15611524999999998
0.1679154
0.19814485714285715
0.1793543333333333
0.07264875
0.08385672222222222
0.17390856249999997
0.26786024999999997
0.13892772222222224
0.06211225000000001
0.1054065
0.1280561875
0.1804238125
0.11465421428571428
0.15052970000000002
0.26633624999999994
0.18861922222222222
0.0456705
0.050945
0.0446099375
0.03529075
0.03802707142857143
0.030611874999999997
0.0486071875
0.07409869999999999
0.057921083333333324
0.0311805625
0.041466937499999995
0.047788500000000005
0.041916562500000004
0.04897083333333333
0.05765116666666666
0.044179083333333334
0.041428071428571425
0.0499115
0.025440071428571426
0.04176957142857143
0.06227507142857142
0.13750157142857142
0.06419514285714285
0.041106500000000004
0.09210435714285714
0.043127285714285715
0.17129409999999998
0.1634489285714286
0.1682856428571429
0.21771442857142856
0.1446415
0.0629087857142857
0.024475857142857143
0.026309625
0.033076071428571434
