0.07169205000000001
0.041904199999999996
0.03585622222222223
0.0426666
0.07515577272727274
0.0683534
0.09578490909090909
0.1353297727272727
0.18175485000000002
0.2837999090909091
0.1305115
0.07497434615384614
0.18594145
0.18889424999999999
0.16734180000000004
0.09359046153846153
0.030778875
0.06791553846153847
0.05717742307692308
0.09152892307692308
0.10334323076923074
0.10286407692307689
0.11182353846153846
0.11745923076923075
0.12027292307692308
0.1829269615384615
0.25156165384615387
0.08799096153846153
0.09537207692307693
0.4461492692307693
0.2162765
0.25763638461538463
0.3188365384615385
0.15230426923076926
0.11123479166666668
0.07831019230769232
0.08463503846153847
0.13921896153846156
0.2543106111111111
0.2993362916666667
0.16497495833333334
0.30559000000000003
0.20112144999999998
0.148478625
0.1985894166666667
0.26101520833333336
0.20959108333333334
0.17806370833333332
0.19580662499999998
0.20158520833333335
0.18766968181818183
0.26142445833333333
0.055052875
0.05980112499999999
0.055658875000000003
0.20607391666666672
0.3521439090909091
0.10263394444444446
0.10502418181818184
0.07215168181818182
0.05679272727272728
0.06478768181818181
0.08518600000000001
0.12057240909090906
0.12930172727272726
0.21899605555555557
0.21173377272727276
0.24702933333333338
0.4093
0.3636176
0.22524868181818186
0.2739865454545455
0.13531581818181818
0.13634649999999998
0.08617
0.1343383
0.15778638888888888
0.04293155555555555
0.08385672222222222
